 9.80909e-44       1.8764
    -9.78464     -15.5541
    -21.8448      1.23705
    -5.99279      13.8071
-4.28688e+14  7.45973e+14
 -0.00187876   0.00567568
 7.94421e+30 -6.33293e+29
  0.00256658   -0.0058119
 1.38539e+14  2.63452e+14
  0.00362862  -0.00995927
 2.89481e+30  -3.8892e+30
    0.539624    -0.159327
     4.27136
    -25.1491
    -24.4655
     25.6528
 1.09591e+15
     7.47413
-4.98939e+30
    -3.13472
 1.05958e+14
    -8.45783
-3.32083e+30
    -16.3114
  8.54537 -0.724831   2.22534  0.329466  0.221607   3.45419  -0.90075   3.66588   1.51538  -2.25375 -0.424509  -3.39572
 -8.01577  0.988564   2.19327  -18.1822  -18.3306  -13.4067   12.4841   5.31632  -1.48476   13.0564   9.61153   13.4318
 8.50075
-18.5356
