x,y,cat
-8.78213,-5.76514,1
-7.80936,-8.68652,1
-8.7367,-6.01389,1
-7.14084,-6.28717,1
-7.44391,-6.58597,1
-10.6787,-5.59342,1
-9.37096,-0.583253,1
-9.18716,-5.08926,1
-5.28033,-4.84214,1
-8.51185,-8.11492,1
-8.8579,-7.36821,1
-9.43546,-7.36508,1
-7.2098,-4.96629,1
-5.91219,-6.83511,1
-5.7343,-6.62471,1
-7.46488,-7.07858,1
-6.37935,-7.48131,1
-7.18634,-7.66729,1
-10.1022,-7.88046,1
-7.60011,-10.3046,1
-8.92053,-5.86786,1
-5.31848,-7.95705,1
-9.9991,-10.3047,1
-8.74456,-6.12213,1
-8.29913,-7.04853,1
-8.50936,-7.50843,1
-6.27032,-9.53445,1
-5.35714,-11.1095,1
-6.85078,-10.211,1
-5.28201,-4.34753,1
-10.7784,-6.10386,1
-9.47688,-9.67712,1
-7.47081,-6.41002,1
-11.7395,-8.90082,1
-7.51122,-6.29718,1
-10.6087,-7.5073,1
-4.28604,-12.1231,1
-4.95732,-6.13364,1
-9.48556,-7.83518,1
-9.85753,-6.77264,1
-7.56517,-5.24014,1
-9.79488,-9.51568,1
-6.54846,-9.87002,1
-7.81205,-5.85079,1
-4.53802,-7.70413,1
-6.32237,-3.32895,1
-6.42965,-6.10273,1
-10.8296,-7.42013,1
-13.3637,-5.57521,1
-6.10077,-5.62304,1
-10.1769,-9.88023,1
-6.90453,-6.04406,1
-7.71946,-8.7298,1
-5.63361,-3.31172,1
-9.04404,-4.34328,1
-6.96211,-7.85411,1
-6.12159,-8.53762,1
-7.66708,-3.26766,1
-7.85082,-6.06946,1
-10.0835,-2.57811,1
-6.86996,-6.95916,1
-8.85871,-8.313,1
-8.33789,-9.65959,1
-9.38246,-7.27476,1
-7.76599,-3.67279,1
-10.6378,-8.6088,1
-7.25984,-4.20965,1
-11.4258,-8.61669,1
-6.76384,-7.19371,1
-10.7854,-9.09294,1
-7.68138,-4.96532,1
-6.05475,-7.89097,1
-6.0144,-6.47266,1
-7.49389,-9.8409,1
-9.56127,-4.13104,1
-8.00087,-9.17386,1
-10.1516,-5.80556,1
-8.13704,-8.03019,1
-4.75523,-6.23905,1
-6.48497,-6.48967,1
-6.79977,-10.8664,1
-9.08,-8.8806,1
-7.8653,-7.47692,1
-9.31266,-9.35656,1
-6.02001,-7.60777,1
-8.4468,-3.22255,1
-7.349,-4.47315,1
-4.45247,-4.78262,1
-7.20447,-9.30026,1
-6.71014,-5.14387,1
-8.50364,-8.20799,1
-9.03814,-7.71761,1
-8.26577,-5.54503,1
-7.14574,-8.84658,1
-4.2719,-7.53695,1
-10.9579,-9.09862,1
-8.52999,-5.89501,1
-8.98979,-5.48284,1
-4.80629,-8.5436,1
-8.65705,-4.00845,1
-4.22511,0.366644,1
-5.81419,-1.22092,1
-4.96917,-1.05863,1
-5.10945,-2.83832,1
-3.69558,0.12674,1
-1.38265,0.51004,1
-2.36731,-3.09645,1
-6.47706,-1.72022,1
-6.801,0.364873,1
-5.75085,0.126358,1
-7.56933,1.01905,1
-5.13716,-1.27526,1
-5.31229,-3.7761,1
-4.78012,1.13426,1
-8.13402,0.0160365,1
-5.96591,-1.49135,1
-7.41749,2.2274,1
-4.01629,-1.46316,1
-7.95017,-2.79741,1
-9.19817,-0.487747,1
-6.35367,1.17794,1
-6.47507,2.42589,1
-5.7802,-4.33905,1
-4.5473,-2.05543,1
-4.39575,0.26648,1
-3.05086,0.450826,1
-7.83044,1.46931,1
-5.15603,0.520098,1
-4.16849,-1.74118,1
-4.53277,-0.0428741,1
-5.68367,-0.800299,1
-7.67784,-1.06958,1
-2.4031,1.60108,1
-8.40779,0.990116,1
-6.83318,-3.39596,1
-8.78744,1.25132,1
-5.8204,-1.83444,1
-3.09664,-1.85886,1
-7.2202,0.132246,1
-4.93294,-1.63443,1
-7.30728,-2.03307,1
-7.68662,3.29851,1
-5.24359,0.457121,1
-7.41233,-0.754065,1
-4.2485,0.100634,1
-6.2559,-0.584769,1
-2.92441,1.12322,1
-4.41247,-0.855398,1
-5.14291,0.599495,1
-3.79296,-3.56983,1
-3.04118,-1.55135,1
-4.06243,-0.505448,1
-2.37548,-0.414611,1
-5.42976,0.749902,1
-3.91039,-1.9693,1
-6.35338,-2.65702,1
-3.61314,0.138486,1
-2.7596,-0.0375397,1
-5.66471,-0.321088,1
-2.48596,-2.50206,1
-4.22531,-1.4267,1
-2.72565,-4.8629,1
-6.62627,0.884934,1
-7.2249,2.05052,1
-3.23035,-2.17153,1
-1.46049,0.0285123,1
-3.30413,-2.40289,1
-3.70435,-1.27731,1
-6.51101,-1.19396,1
-2.84734,-2.50564,1
-6.5977,-4.46496,1
-8.44584,0.476102,1
-4.97208,-1.55213,1
-4.79944,5.72606,1
-7.28446,1.43813,1
-4.82355,-0.189642,1
-6.10609,1.30043,1
-4.86153,-0.645551,1
-4.03699,-2.35202,1
-1.26308,-0.591604,1
-6.38554,-0.447497,1
-4.09294,-0.0350157,1
-4.92754,-2.17387,1
-6.03084,0.354965,1
-2.99403,-0.703607,1
-5.74916,-0.231255,1
-8.33408,-0.415172,1
-5.16251,0.50887,1
-7.3909,-3.76531,1
-2.43712,-3.05969,1
-6.94705,1.15285,1
-8.99551,1.58827,1
-4.89601,-1.43,1
-7.11555,-0.604827,1
-8.01632,-3.45598,1
-3.06723,-2.68647,1
-5.3307,-1.6038,1
-5.07232,-4.35165,1
-4.55988,1.26627,1
-7.20762,2.19667,1
-7.50324,0.860797,1
-7.90236,-0.709648,1
-13.694,3.15804,1
-6.65117,4.61557,1
-6.84069,2.40487,1
-10.7413,4.11005,1
-6.19715,-0.516942,1
-11.0627,0.374535,1
-8.29278,1.4388,1
-5.44268,0.577242,1
-9.81992,2.56196,1
-9.43818,3.72022,1
-6.20787,0.0345063,1
-8.05917,4.53639,1
-6.11412,2.15755,1
-7.63317,-0.500291,1
-8.3997,3.43716,1
-10.3856,2.78915,1
-7.85608,1.97507,1
-10.1709,4.54549,1
-7.28844,4.79923,1
-10.0838,-1.31784,1
-8.95048,0.0572577,1
-6.59258,-0.709058,1
-5.62972,4.40297,1
-7.9598,5.14097,1
-6.33979,2.22916,1
-10.0676,0.445452,1
-5.57714,1.51749,1
-11.5628,2.2763,1
-3.62741,1.08209,1
-7.03087,5.19566,1
-4.22409,3.19475,1
-7.70152,1.27552,1
-7.76178,-1.40813,1
-7.28854,2.58207,1
-6.12064,4.29108,1
-6.9234,3.10803,1
-11.5635,2.55591,1
-7.5065,-0.749046,1
-6.96325,0.635333,1
-7.77569,2.58079,1
-8.51634,3.46389,1
-8.19829,3.04103,1
-10.3917,0.940477,1
-6.0507,2.52957,1
-6.88057,-0.952601,1
-8.86542,0.615763,1
-8.27018,6.37742,1
-3.26988,4.63722,1
-11.1915,2.41592,1
-8.02604,-1.16957,1
-9.9404,0.968482,1
-4.86627,0.387377,1
-11.258,1.77648,1
-7.96274,1.24745,1
-5.40394,2.70835,1
-8.85897,2.39285,1
-7.69746,2.85152,1
-6.47052,1.25523,1
-11.322,1.19879,1
-6.453,0.58581,1
-5.38389,2.29484,1
-5.27451,2.75108,1
-6.9067,1.68592,1
-7.90947,-1.1349,1
-5.76536,0.385611,1
-9.08897,5.53124,1
-8.09265,3.54096,1
-9.55852,2.67258,1
-10.8163,3.03278,1
-3.65674,2.77854,1
-7.98001,-0.364312,1
-7.07953,3.36118,1
-4.45526,0.251849,1
-6.04481,0.513304,1
-4.34112,1.35536,1
-6.88112,1.50054,1
-6.59405,5.91439,1
-6.14726,2.03602,1
-9.00986,2.25998,1
-7.22531,2.88598,1
-9.80198,2.38884,1
-7.99398,1.30653,1
-10.4073,3.54497,1
-8.02244,2.75521,1
-8.94771,4.64267,1
-7.08114,0.854188,1
-7.65579,-0.14011,1
-11.3698,2.16369,1
-8.4157,-0.346543,1
-7.26257,-2.14581,1
-5.63674,7.19928,1
-9.24558,-0.105402,1
-4.33209,3.13061,1
-10.9007,5.20458,1
-9.32721,-3.06371,1
-7.23164,3.30351,1
-9.21037,1.87447,1
-8.22704,3.79426,1
-9.30488,9.38735,1
-9.26559,6.53411,1
-7.13922,6.34475,1
-7.35879,4.44016,1
-10.1649,4.77717,1
-4.77191,3.9401,1
-8.57139,8.43356,1
-8.57036,7.55561,1
-8.37074,6.27996,1
-6.73875,8.03923,1
-8.68051,6.99125,1
-8.0781,4.06865,1
-7.73746,6.01677,1
-10.48,2.78701,1
-8.25257,9.55549,1
-7.75674,3.53537,1
-8.63316,5.60118,1
-4.22281,5.36028,1
-8.87959,4.59299,1
-7.06269,5.90191,1
-6.07263,1.82362,1
-5.77735,7.49648,1
-7.80273,2.81581,1
-11.8021,4.88821,1
-4.61347,4.6031,1
-9.85187,4.66,1
-7.62495,2.75937,1
-8.32795,6.87899,1
-6.09055,4.12165,1
-7.06474,10.1062,1
-5.94108,4.97735,1
-8.86926,5.64101,1
-9.82114,6.919,1
-8.84071,7.05087,1
-6.68535,7.6247,1
-8.15092,2.66587,1
-9.65789,6.60361,1
-6.81152,9.65444,1
-7.3676,6.67638,1
-8.82635,5.2464,1
-4.29483,7.25265,1
-10.8155,6.28807,1
-8.40934,4.25153,1
-9.16867,2.95347,1
-7.63089,3.73243,1
-6.35072,5.26271,1
-4.78757,5.74197,1
-8.40552,5.74807,1
-5.87378,4.81576,1
-10.5085,5.43698,1
-7.91134,8.59697,1
-3.79084,5.09396,1
-7.81958,6.88965,1
-9.29825,3.58622,1
-8.66438,6.61068,1
-10.1494,5.36839,1
-8.17273,6.72078,1
-6.60867,6.20038,1
-4.5501,4.7968,1
-8.02447,5.29561,1
-8.49307,6.94024,1
-5.93433,3.55282,1
-9.41823,5.18462,1
-9.36587,3.03415,1
-7.18996,1.59533,1
-7.37503,6.24831,1
-7.36536,4.3544,1
-3.30913,2.62973,1
-9.22609,3.09385,1
-7.01138,6.30175,1
-8.77551,7.95014,1
-5.96334,5.42926,1
-9.55932,4.882,1
-6.83546,5.95073,1
-9.19797,5.29375,1
-7.37545,4.09369,1
-8.15445,1.1105,1
-6.33694,6.69395,1
-9.91522,6.66923,1
-6.18868,4.95778,1
-9.6192,7.59217,1
-5.96214,6.65968,1
-6.40678,4.43905,1
-4.03077,4.84425,1
-7.86968,8.31111,1
-6.2567,2.76037,1
-10.8147,5.11877,1
-10.3877,3.15058,1
-8.13019,7.95997,1
-7.2962,4.44373,1
-4.87265,2.24947,1
-6.81813,3.96978,1
-5.37195,6.84883,1
-5.51155,8.33548,1
-7.50906,6.64774,1
-10.3743,3.05761,1
-8.14604,6.39555,1
-8.91821,7.63568,1
-3.94995,6.12686,1
-4.81998,3.88006,1
-2.58055,-5.30416,1
-3.86157,-8.83323,1
0.47629,-5.4861,2
-1.4141,-5.21807,1
-0.210983,-10.4128,1
-1.54412,-8.65462,1
-0.10442,-4.76662,1
-0.817253,-8.68087,1
1.76267,-9.33422,2
-1.47375,-11.7093,1
2.97503,-7.61082,2
-4.6322,-6.8219,1
-2.16431,-9.70711,1
-0.898532,-8.53781,1
-0.284916,-6.30642,1
-0.331891,-9.11729,1
-2.16093,-8.64092,1
-4.85664,-6.79126,1
-2.2779,-6.85487,1
-0.573625,-11.6187,1
-1.81498,-8.13384,1
-0.584185,-8.20322,1
-0.348315,-7.01503,1
-5.40922,-7.49751,1
-0.140536,-11.2109,2
-0.760654,-10.8969,1
-2.84603,-7.55696,1
-7.02057,-13.4931,1
-0.615695,-8.91118,1
-2.6841,-6.22169,1
-1.15296,-7.80515,1
-0.7391,-7.96596,1
0.443513,-6.80104,2
-2.74156,-6.45933,1
-5.68181,-6.58138,1
-1.62438,-9.96744,1
-0.683031,-6.60482,1
-1.78424,-7.77217,1
-1.80693,-8.74415,1
-3.86815,-5.97323,1
-1.71998,-9.989,1
-0.525285,-9.73732,1
-0.523361,-9.10003,1
-0.204057,-8.97165,1
-1.67679,-6.29136,1
-2.75939,-8.62779,1
1.32485,-5.36545,2
0.249232,-7.43671,2
-2.72518,-6.0091,1
-4.6427,-11.344,1
-1.99165,-7.28267,1
-1.01969,-11.0338,1
-1.59234,-4.8982,1
-3.21689,-7.0498,1
0.186055,-12.7163,2
-2.04332,-8.52015,1
-3.39009,-6.23694,1
-1.81193,-8.02917,1
-0.621721,-9.72341,1
-3.20178,-9.15617,1
-3.26525,-7.491,1
-1.05242,-12.0471,1
-3.96566,-5.00583,1
-0.298209,-5.60753,1
3.75833,-13.3528,2
1.56386,-5.79295,2
-0.267056,-8.1818,1
2.42241,-9.80054,2
-1.08797,-10.7491,1
-1.12772,-11.1251,1
6.38977,-6.44585,2
-4.91465,-7.14599,1
-2.27433,-10.4353,1
-0.937514,-9.07256,1
0.774814,-10.096,2
0.155797,-10.404,2
-0.0422979,-3.84036,1
-4.1384,-10.0102,1
-0.706385,-6.58171,1
-5.11994,-8.10527,1
-1.22505,-7.40582,1
-1.10224,-7.08594,1
-0.464567,-6.06972,1
-2.48343,-8.64088,1
-5.88714,-6.67925,1
-0.685778,-10.6046,1
-0.738405,-5.62769,1
0.358898,-6.8246,2
-2.44264,-11.2087,1
0.658285,-7.87983,2
-4.88898,-5.4466,1
-1.40299,-6.79108,1
0.0531931,-6.97151,1
-2.40345,-6.35154,1
-4.35418,-8.19584,1
-2.92593,-7.65743,1
-1.26757,-5.04154,1
-3.20092,-9.1208,1
-3.14868,-7.24062,1
0.714105,-9.10545,2
-3.93246,-1.13365,1
-2.85699,-1.367,1
-6.40818,0.302855,1
-5.34203,-1.32497,1
-4.6964,-0.843829,1
-1.29388,0.0844513,1
-3.18469,-1.19255,1
-2.64281,-1.12589,1
-1.57992,-2.71343,1
-7.03144,-0.955781,1
-4.23448,1.50228,1
-3.82717,2.64468,1
-4.77291,-1.09356,1
-7.33066,0.630545,1
-4.35647,-1.4485,1
-3.15487,-0.0654229,1
-3.18576,-1.44788,1
-3.63432,-3.8067,1
-4.31333,-4.06412,1
-2.81414,0.216668,1
-2.68799,-1.58447,1
-3.91769,-2.79136,1
-5.43734,1.49845,1
-2.80756,0.757409,1
-3.92022,-1.5132,1
-6.38479,-0.231396,1
-0.22493,-0.549911,1
-5.02081,1.29956,1
-5.006,0.975463,1
-4.21174,1.05443,1
-8.78475,-4.4828,1
-2.34611,-3.16747,1
-3.63315,1.01843,1
-1.1225,-0.77198,1
-3.67389,-4.76875,1
-0.985092,-4.70977,1
-4.95718,-2.32104,1
-2.50922,-1.00303,1
-4.17102,-3.95072,1
-2.73892,1.88982,1
-3.56332,0.246245,1
0.0329667,-0.759927,1
-4.02795,-3.68505,1
-0.596772,-0.487298,1
-3.947,-2.23007,1
-8.9222,-5.10123,1
-3.81419,0.184598,1
-1.7151,-4.84529,1
-4.7661,-2.7771,1
-5.63789,-0.973834,1
-1.96937,-4.03143,1
-3.33812,-0.930514,1
-6.02315,-1.20331,1
-4.93243,-1.94688,1
-2.92724,1.8902,1
-6.06731,1.26148,1
-1.33807,1.0278,1
0.269014,1.20437,1
-1.71916,1.44256,1
-2.0803,0.11596,1
-0.410454,0.260317,1
-2.47246,-0.963127,1
-3.525,-0.602189,1
-2.61913,-1.71188,1
-4.24173,1.05929,1
-3.54183,-2.687,1
-1.94374,-2.64065,1
-7.35749,0.228181,1
-4.61308,-5.40702,1
-3.00402,-0.483463,1
-2.12554,-2.46969,1
-6.58695,0.163798,1
-2.22962,1.51628,1
-3.64285,-0.075364,1
-5.0333,1.20055,1
-4.41566,-1.61701,1
-2.36176,0.200071,1
-4.67797,2.39758,1
-1.80229,-4.25186,1
-3.70178,-2.35147,1
-5.67494,-1.71354,1
-4.46604,-3.27315,1
-1.66248,-2.40433,1
-2.08251,-2.50746,1
-3.47638,-0.198417,1
-1.62409,-2.47459,1
-2.78012,0.363743,1
-3.80043,1.74093,1
-4.86732,1.30288,1
-2.43843,-4.34298,1
-4.91246,2.33267,1
-5.0756,-0.897078,1
-2.83514,-2.76441,1
-3.63399,-2.33483,1
-6.36427,0.00654593,1
-3.33458,3.83006,1
-2.8266,-0.480355,1
-5.69415,-0.408091,1
-6.17196,0.144725,1
-2.87114,-2.94956,1
-3.09942,1.31798,1
-1.21037,0.555859,1
-4.35316,2.40948,1
-0.955599,9.54416,1
-1.97614,4.97301,1
-5.35324,4.68868,1
-1.21101,5.40966,1
-0.844549,6.28869,1
-3.37945,4.74024,1
-0.387636,4.55254,1
-2.96954,-0.000790168,1
-3.84615,6.09241,1
-1.81454,0.120321,1
-3.71558,2.01258,1
-2.55854,6.58672,1
-2.31553,3.22287,1
-0.42103,0.337583,1
-2.6263,0.607675,1
-2.76626,3.90333,1
-2.74328,2.55852,1
-4.32277,5.18882,1
-0.0717412,3.77271,1
-2.55186,4.54487,1
1.30557,4.15098,1
-2.0957,3.15537,1
-2.18151,4.12208,1
-3.62138,3.65202,1
-2.37555,2.22419,1
-0.229092,4.33303,1
-0.723353,5.4833,1
0.341565,3.92937,1
-4.04985,7.28403,1
-4.39061,5.45829,1
-1.01093,-1.24409,1
-1.19947,3.06567,1
-5.15171,7.16009,1
-2.86617,6.23306,1
-2.50633,4.3336,1
-2.6278,3.94834,1
-3.98481,7.27314,1
1.87247,2.29107,1
-0.751204,9.3326,1
-1.48933,2.41179,1
-2.91589,4.78036,1
-1.277,3.55115,1
-2.35714,-0.832901,1
1.9724,5.57367,1
-1.20521,6.93668,1
0.0986853,0.506727,1
-2.97973,6.60601,1
-3.82292,7.88684,1
1.12433,0.412718,1
-3.01294,1.82347,1
-1.34449,3.70131,1
-0.436696,5.5199,1
-2.88473,3.12848,1
-3.36407,2.95101,1
-4.35445,4.72232,1
-4.31662,6.57116,1
-1.44278,3.52667,1
-4.34046,4.54869,1
2.13902,5.63825,1
-4.76408,4.61878,1
-1.78728,4.34037,1
-2.24012,1.96066,1
0.990788,4.31826,1
-3.41331,5.08912,1
-1.18656,3.74769,1
0.385226,8.35443,1
-1.24528,5.40411,1
-2.95236,1.41715,1
-3.0208,9.52561,1
-6.3247,3.83093,1
-1.03882,3.55907,1
-3.31448,4.7817,1
-2.30393,1.41245,1
-2.44791,4.55348,1
-0.484979,5.93922,1
-2.89661,4.47547,1
0.563988,2.0862,1
-6.10667,3.66167,1
1.86142,6.53231,1
1.1873,3.24512,1
-1.215,4.58451,1
2.03797,-2.08399,1
-3.75341,3.22905,1
-0.585753,0.522652,1
-3.75367,4.70467,1
-0.873758,3.78576,1
-2.55614,4.50111,1
-3.62794,2.35823,1
1.3839,2.33786,1
-3.4804,3.90809,1
-2.99676,3.3715,1
-5.12126,2.21708,1
-2.45588,4.40064,1
-1.79009,4.88167,1
-3.41,3.31268,1
-0.50627,8.87487,1
-4.27078,5.79986,1
-1.61993,7.83217,1
-2.67492,3.97844,1
-6.20938,3.98205,1
-2.46616,5.77784,1
0.0409988,3.28523,1
0.949112,2.87853,1
1.96545,6.41246,1
-3.77367,9.15699,1
-6.60573,5.01514,1
-5.49129,5.33863,1
-1.8976,6.72208,1
-0.304566,7.26472,1
-0.589602,6.52421,1
-3.21376,4.81459,1
-5.48478,4.72751,1
-1.9008,6.85576,1
-2.17075,4.54572,1
-2.3588,4.18525,1
0.836292,3.30318,1
-3.02261,1.17959,1
-3.12965,6.49533,1
0.199096,4.01428,1
-0.590754,4.23915,1
-2.32614,8.51656,1
-3.49716,4.58683,1
0.641799,3.80596,1
-3.35489,4.04187,1
-2.06675,7.25117,1
-2.03016,2.25124,1
-4.7212,8.36575,1
-0.18405,-1.62245,1
-2.931,3.82311,1
-4.09948,5.41705,1
-0.420244,4.88696,1
-6.73831,7.54739,1
-1.81473,3.11712,1
-8.75935,5.27352,1
-1.31998,5.39822,1
-3.7555,6.32145,1
-3.54169,6.48827,1
-0.228934,9.10012,1
-0.513832,10.6437,1
-2.93672,8.39545,1
-2.93034,2.47866,1
-3.98544,2.47544,1
-3.04448,4.48048,1
-3.56734,10.0402,1
-3.10029,4.68867,1
-0.851449,4.74713,1
-2.6159,4.53123,1
-0.912512,6.97647,1
-2.05362,3.96942,1
-2.75,5.42519,1
-2.47166,5.58056,1
-0.767849,5.88958,1
-3.25825,5.99558,1
-4.45129,4.85958,1
0.246792,5.66399,1
-0.975865,3.64086,1
-2.18408,8.84581,1
-3.91855,1.30729,1
-2.36356,4.85756,1
-1.27654,7.00733,1
-1.22252,4.47203,1
-3.63091,7.48366,1
-1.38731,4.90653,1
-0.132325,4.08671,1
-5.29655,6.26074,1
-3.78401,3.54573,1
-5.51891,4.1173,1
-5.38678,6.57028,1
-2.16057,3.60858,1
-3.66821,4.92367,1
-0.369118,7.94944,1
-0.199015,6.66109,1
-2.18047,4.3533,1
-3.46454,5.53161,1
-4.70385,9.41962,1
-2.32858,3.13053,1
-3.00848,7.73156,1
0.638531,7.0128,1
-3.76402,1.27229,1
-4.12361,5.11521,1
-4.37996,5.62149,1
-5.28188,9.73247,1
-0.578821,6.38165,1
-1.03359,5.63614,1
0.0200293,7.11,1
-3.46161,7.24851,1
-3.96391,1.77424,1
-5.87482,9.71323,1
-4.2331,5.74952,1
-3.94451,6.04983,1
-5.23829,4.13945,1
0.95719,3.65641,1
-4.90139,4.29538,1
-3.45857,4.85788,1
-2.84806,8.76588,1
-1.07602,2.46052,1
-4.55718,1.67612,1
1.56212,-8.30301,2
-0.248277,-7.70941,1
0.998287,-8.33827,2
1.26116,-6.54856,2
1.4613,-6.7057,2
-2.93821,-11.5629,1
1.22113,-9.27527,2
2.80457,-9.69323,2
3.73273,-6.26171,2
0.00253329,-8.26796,2
1.27762,-6.29037,2
-2.86719,-3.40365,1
-0.864497,-8.98698,1
-1.22826,-9.03756,1
2.68513,-7.68721,2
2.01052,-6.08543,2
2.47536,-9.15381,2
-0.219613,-8.70641,1
4.5196,-8.10092,2
3.13933,-8.68467,2
2.26443,-7.87555,2
-1.03049,-6.1284,1
4.24943,-7.06668,2
-0.134251,-7.99793,1
3.42944,-9.68567,2
5.91385,-7.17829,2
2.74727,-7.85961,2
1.77618,-9.22105,2
7.14851,-6.41728,2
-1.55575,-7.01248,1
-2.55305,-10.4258,1
0.616357,-6.20486,2
1.29003,-10.1605,2
0.989918,-6.70303,2
3.65526,-10.574,2
-0.151036,-6.79553,1
-1.57748,-8.93967,1
-0.846526,-10.4251,1
0.232395,-6.75688,2
-2.2011,-7.33343,1
-0.898448,-7.1448,1
-0.934581,-5.74839,1
-0.24272,-8.62913,1
2.02223,-5.40153,2
4.66192,-3.9159,2
-0.985964,-8.14634,1
-1.52225,-9.67886,1
-2.07953,-9.28919,1
-0.798834,-9.62017,1
4.16621,-10.2719,2
3.713,-8.85955,2
1.43139,-4.33147,2
-0.112077,-11.9505,2
-0.205649,-8.75619,1
0.355065,-7.35067,2
2.62124,-4.46215,2
1.21778,-8.29528,2
0.193435,-10.5429,2
4.93246,-6.95203,2
2.04574,-4.11147,2
-0.387883,-8.51067,1
2.02015,-7.56103,2
2.09462,-9.11502,2
2.87772,-9.11535,2
2.20298,-7.07784,2
2.99986,-3.76008,2
-1.36211,-6.04201,1
-0.424158,-4.14484,1
1.69094,-6.11755,2
2.32285,-7.05454,2
2.34521,-6.86489,2
1.19868,-7.2031,2
2.33077,-8.75141,2
0.921752,-8.45431,2
2.38341,-11.8519,2
1.07553,-7.11981,2
1.98527,-8.89123,2
-2.19918,-9.60092,1
3.79597,-11.9434,2
0.850972,-8.44951,2
-1.02112,-9.89402,1
0.225081,-10.6702,2
2.1583,-7.7874,2
0.104369,-6.91804,2
2.15898,-5.29179,2
1.60157,-7.6524,2
2.53972,-12.2456,2
-0.771416,-8.45438,1
0.145846,-6.45615,2
-4.59282,-4.89113,1
1.46645,-4.17553,2
-0.105289,-7.53164,1
-0.172522,-4.34176,1
-3.52403,-9.69963,1
0.341319,-5.38059,2
-0.122396,-9.74604,2
3.20521,-10.3577,2
6.87539,-4.2054,2
0.816488,-7.10545,2
-0.883709,-7.84606,1
3.06689,0.168122,1
1.25586,0.348433,1
3.46925,-0.926485,1
2.03919,1.10213,1
2.3763,-0.10622,1
0.694439,-2.60231,1
6.81436,-0.467662,1
1.8817,-2.37775,1
2.32376,-1.9202,1
2.56977,-3.99978,2
0.57277,-0.210468,1
1.39398,-2.09677,1
-0.370804,2.71614,1
0.617979,-0.840177,1
-0.556206,-0.843707,1
4.16125,-5.22821,2
2.85986,0.7574,1
6.50385,0.0433738,1
4.43311,0.89911,1
1.28017,-0.965295,1
2.45672,0.250065,1
2.01879,-4.87838,2
0.779399,-0.609391,1
-1.41872,-0.389845,1
3.64146,2.61354,1
-3.19663,-3.28229,1
4.85131,1.7105,1
3.16287,3.52152,1
4.06208,0.828638,1
4.54845,-0.580554,1
5.40353,-0.224204,1
2.15992,-1.96621,1
1.7143,0.248929,1
2.12084,2.49529,1
0.337323,0.881237,1
2.77629,0.90742,1
5.5847,-3.18687,1
2.612,-2.49814,1
7.1707,-0.0497979,1
1.32137,-4.32715,2
3.62395,-1.26366,1
4.79591,0.965154,1
1.30779,2.07364,1
4.49894,0.922299,1
3.65947,0.89823,1
6.70156,-1.98775,1
2.29589,-0.205422,1
2.89275,0.686688,1
-1.02033,-0.427562,1
1.67742,-2.91816,2
3.76997,1.78394,1
4.04811,3.41173,1
3.29839,-1.93094,1
3.27062,1.13439,1
4.53133,3.78714,1
0.832143,-2.93186,2
3.92912,0.245223,1
0.869047,0.0244855,1
4.41915,-0.40285,1
2.54779,1.67558,1
0.353388,-1.71515,1
2.92658,1.24471,1
3.97822,-0.847574,1
0.0206841,-0.868679,1
2.70548,0.378585,1
0.0121683,-1.81878,1
-1.79756,-0.30517,1
3.07403,-3.09519,1
1.26421,2.15383,1
0.789574,-2.5558,1
2.46381,-0.355947,1
1.10608,-0.319237,1
2.7259,-1.01049,1
-0.152868,-0.690461,1
0.807446,1.73301,1
0.534001,-1.22232,1
3.47921,1.44953,1
1.28097,-0.988188,1
4.76179,1.62874,1
3.32772,0.165971,1
6.55894,-1.4741,1
1.04675,-0.127649,1
3.14523,0.150494,1
2.33342,-0.56864,1
1.76032,1.35035,1
1.24436,3.60448,1
0.293931,-1.2092,1
1.8113,-3.26095,2
4.97389,4.0861,1
5.1486,1.20634,1
0.803657,-0.452286,1
3.75848,-0.816791,1
3.77826,-0.464519,1
1.92351,1.40824,1
5.38665,-2.19743,1
1.15609,-2.02943,1
0.670931,-3.84774,2
3.49985,1.18769,1
2.93323,2.30737,1
-0.558828,2.29312,1
-0.00589838,2.25732,1
-1.53491,2.09667,1
1.83466,-0.65596,1
3.03823,3.37489,1
1.83432,0.762443,1
1.13045,1.09692,1
3.81376,5.6137,1
-0.120641,3.37845,1
1.26363,4.20377,1
0.345815,5.3099,1
0.767745,4.26137,1
1.89507,3.23635,1
0.852761,0.262331,1
0.32531,-1.1063,1
-2.62751,2.44726,1
2.9167,1.44918,1
1.0188,2.28034,1
-0.623635,0.889622,1
2.51659,-0.644858,1
1.1405,6.0479,1
0.90555,3.27149,1
0.733728,4.18127,1
2.5017,1.71893,1
1.35397,3.21451,1
-0.361536,4.73172,1
2.01155,0.934354,1
2.60425,2.39885,1
4.43838,1.18714,1
-2.982,2.9596,1
0.0619744,-0.558217,1
1.97022,3.10021,1
1.92694,3.25028,1
2.84545,2.62075,1
1.96525,3.87523,1
1.96662,1.15439,1
5.2115,3.29863,1
4.39209,2.40098,1
0.130465,4.80571,1
-0.91084,4.4364,1
-0.406404,0.395766,1
1.82434,3.42177,1
3.02815,1.85634,1
-1.72837,0.790485,1
-1.63397,3.26367,1
1.3561,0.99252,1
2.90921,4.83186,1
-1.6665,3.04694,1
-0.0774638,5.54035,1
2.54426,3.78126,1
1.89071,0.522382,1
-0.84208,-0.212898,1
4.56955,2.45385,1
6.49525,2.50449,1
0.574095,2.91743,1
1.44554,2.25709,1
-0.788085,5.96942,1
4.24062,3.58299,1
6.74862,5.81319,1
2.31891,3.36562,1
2.73117,3.20727,1
3.298,-0.949846,1
0.987038,4.71853,1
0.733525,1.73149,1
3.19575,3.06945,1
3.31134,5.13553,1
1.94646,0.966197,1
5.51292,3.86491,1
0.915096,3.88077,1
2.58879,1.13158,1
0.299137,5.58866,1
0.923239,4.49543,1
3.10925,2.5479,1
0.4522,3.93698,1
0.0397082,1.94041,1
-1.43523,1.80683,1
0.800546,1.85073,1
0.123566,-0.955285,1
3.38941,1.88236,1
3.75291,3.73922,1
-2.64573,4.4098,1
0.166124,3.32888,1
-0.445453,3.80253,1
4.59319,5.50531,1
4.59553,3.35402,1
-1.95068,1.88984,1
2.74669,2.5241,1
-0.0406984,3.51217,1
6.04975,3.00345,1
2.23284,4.05053,1
0.570153,6.20874,1
0.599436,2.27504,1
0.774001,3.14003,1
3.20661,2.09178,1
0.0124113,2.18596,1
0.79906,3.84406,1
2.53994,2.87461,1
4.48803,2.72263,1
0.952405,5.23585,1
1.74089,-0.894208,1
-1.42061,3.22799,1
2.62711,9.58985,1
-0.14858,12.8731,1
4.63084,11.6411,1
3.35035,4.98794,1
-1.4994,11.4707,1
0.748259,5.85301,1
2.56352,10.8112,1
0.456049,8.80357,1
1.01882,10.4722,1
5.34539,7.09855,1
1.26724,9.08717,1
1.33911,8.64918,1
2.26919,6.77946,1
0.22576,10.4831,1
3.23549,8.98946,1
2.60236,11.6286,1
1.89337,10.6254,1
1.49484,6.9424,1
2.20205,6.68881,1
0.501593,9.22645,1
4.04344,9.15576,1
0.776874,12.2208,1
1.82166,10.0637,1
3.14697,8.76824,1
2.04445,6.53174,1
2.352,5.50568,1
3.47813,7.63897,1
1.16767,5.5177,1
1.08147,10.3292,1
0.548797,12.4318,1
-0.14767,10.1806,1
-0.467675,9.46936,1
4.69766,10.4285,1
0.519257,9.84275,1
4.45726,10.4697,1
2.12984,10.0537,1
2.58973,9.12808,1
-1.1762,8.15293,1
1.64994,8.14823,1
-0.76334,5.50769,1
-1.0108,7.63374,1
1.23798,8.49005,1
-0.581208,7.89259,1
-0.403524,10.7635,1
1.4449,8.33457,1
3.17049,6.90021,1
3.7332,10.0469,1
2.63674,12.2561,1
1.9205,6.95473,1
3.57906,6.04056,1
4.13179,6.7809,1
-0.338971,10.949,1
-1.7204,6.87401,1
4.24103,5.70438,1
0.349931,8.52192,1
0.968451,6.71087,1
1.61868,8.94286,1
1.195,7.64801,1
0.405366,9.64696,1
4.7991,9.481,1
-0.0474536,7.16363,1
-0.901664,12.3774,1
4.05035,7.83914,1
5.91778,12.2352,1
2.40178,5.68379,1
-0.949619,8.24492,1
-0.0838323,7.68858,1
4.62142,8.58762,1
1.43875,9.62769,1
0.656758,6.1159,1
6.2666,5.55252,1
2.60245,11.3096,1
0.411646,4.39128,1
2.30075,8.09701,1
0.162107,10.9631,1
1.66825,8.45297,1
3.53883,11.0975,1
1.55021,7.93294,1
1.3893,8.20301,1
1.96377,8.51702,1
3.68893,6.78422,1
1.25892,13.0332,1
-0.162945,7.98915,1
4.97233,7.048,1
4.01899,11.5412,1
-2.5073,10.0311,1
4.33171,9.82222,1
3.8268,7.27044,1
-0.423906,8.32338,1
2.09357,7.82916,1
3.54947,9.86681,1
3.50799,7.93248,1
2.26916,7.00183,1
2.22683,10.2471,1
2.48749,5.62097,1
-0.535339,9.50988,1
4.3313,5.54148,1
2.70312,4.74227,1
3.36189,7.50362,1
1.86764,7.40552,1
3.67528,-5.52581,2
5.77693,-2.77044,1
9.17231,-5.14039,1
6.17323,-6.45599,2
5.36894,-6.23545,2
5.21399,-5.58303,2
10.5097,-5.75831,1
5.259,-4.47882,2
4.43796,-7.28439,2
7.49296,-4.3613,2
6.47945,-4.31299,2
6.52237,-6.99231,2
7.43692,-5.33878,2
8.94918,-6.01637,2
7.49384,-2.09156,1
5.30067,-2.90772,1
8.9848,-5.57932,2
6.28189,-4.93397,2
4.79396,-3.27642,1
8.34963,-8.60084,2
6.56293,-5.71001,2
6.57375,-7.14065,2
11.3554,-5.40107,1
4.13837,-6.33289,2
2.36812,-2.69947,1
3.87115,-3.85633,2
3.93805,-8.35123,2
5.70593,-6.71422,2
6.57432,-7.26904,2
2.95463,-9.94023,2
6.0488,0.162458,1
9.32226,-6.24348,2
4.56035,-4.35178,2
5.06449,-9.6299,2
7.38581,-6.56606,2
4.61719,-6.08832,2
11.0099,-7.79475,2
5.65674,-6.06687,2
7.25335,-6.90663,2
4.20669,-5.98751,2
8.47075,-3.08393,1
4.77075,-7.49049,2
6.4343,-9.55267,2
4.73454,-8.38411,2
5.25847,-5.26061,2
8.66187,-7.7851,2
5.92872,-3.52217,2
5.5031,-7.57307,2
2.51787,-2.94159,1
8.73129,-4.32364,1
0.694063,-4.03174,2
2.79805,-5.84346,2
6.65327,-5.54754,2
8.70036,-7.2547,2
4.06621,-6.85259,2
4.31617,-8.63223,2
5.634,-9.3462,2
4.25693,-7.06231,2
4.38211,-2.3847,1
7.67375,-7.23305,2
2.87926,-6.20962,2
5.88061,-6.31501,2
6.38993,-4.23467,2
3.32486,-9.18279,2
4.60617,-3.09742,1
6.40269,-10.008,2
2.71726,-3.00441,1
7.95879,-4.69344,2
5.52028,-9.66808,2
4.65683,-10.6543,2
6.24562,-6.07286,2
3.18587,-1.04159,1
6.69364,-4.60938,2
7.06408,-5.87983,2
8.29252,-3.88152,1
4.05123,-6.49871,2
5.36037,-9.00419,2
6.12711,-4.02762,2
8.57005,-10.3413,2
6.95901,-3.49821,1
9.5744,-5.81054,2
3.83935,-5.22001,2
6.47135,-7.73466,2
9.68563,-8.39869,2
3.71816,-5.12879,2
4.76414,-2.29542,1
5.4676,-3.94384,2
5.68417,-2.01721,1
6.058,-4.17363,2
4.78906,-5.6734,2
4.24766,-3.62678,2
3.01552,-8.23761,2
8.7305,-3.34251,1
4.89514,-4.27215,2
-0.116627,-3.80175,1
5.76925,-6.33638,2
5.71752,-6.66033,2
0.653802,-6.6469,2
6.02636,-7.11945,2
2.32267,-3.7074,2
15.0315,-7.65673,1
14.1897,-5.00144,1
10.8194,-2.59891,1
10.1549,-7.91015,2
10.8393,-6.9749,2
11.4998,-3.42623,1
11.394,-3.76968,1
10.1186,-5.80225,2
10.2805,-2.04955,1
13.0232,-4.33761,1
6.44344,-5.7834,2
9.49812,-5.78901,2
5.55435,-5.74076,2
12.4228,-3.35132,1
8.9839,-5.14007,2
11.1934,-4.0899,1
14.0863,-3.93799,1
9.47113,-2.44246,1
10.6303,-2.19449,1
12.4228,-4.19046,1
13.0169,-4.85524,1
8.42083,-3.22687,1
10.3638,-6.39933,2
10.3033,-3.97834,1
11.3976,-3.19697,1
12.1551,-3.77466,1
7.08541,-5.14843,2
7.9651,-2.3906,1
9.16757,-2.43589,1
7.68822,-5.61044,2
11.5316,-2.37385,1
9.34636,-6.84651,2
10.7058,-4.37531,1
9.19909,-1.87456,1
10.6191,-1.92097,1
6.39194,-5.15162,2
11.1941,-4.00162,1
9.11059,-3.7597,1
10.0607,-3.48751,1
12.0975,-3.42402,1
10.0111,-4.54067,1
10.2596,-3.52402,1
11.0631,-6.97851,2
8.41119,-1.54547,1
9.43723,-4.16219,1
9.21713,-6.30194,2
6.95636,-2.85612,1
8.94804,-3.20143,1
13.3407,-2.81787,1
9.91764,-4.84919,1
11.3097,-4.30097,1
12.8338,-4.76782,1
11.515,-7.42386,2
10.8782,-2.59322,1
10.315,-3.69435,1
10.4458,-3.05597,1
12.1317,-3.82026,1
9.92436,-4.24791,1
10.2505,-4.14299,1
9.17305,-3.9358,1
10.9309,-5.83382,1
9.29313,-2.12015,1
10.8289,-1.66361,1
12.6447,-4.60261,1
11.0668,-5.67505,1
9.15966,-2.45971,1
11.1831,-7.73264,2
6.18961,-2.71949,1
8.48952,-4.58819,1
8.86692,-3.01835,1
9.18034,-3.36362,1
9.68283,-1.83876,1
12.2769,-3.70326,1
10.9612,-6.5275,2
8.07632,-2.14061,1
9.98213,-4.15535,1
10.0622,-5.65211,1
11.4532,-5.25404,1
10.7356,-2.18822,1
11.5825,-3.15603,1
9.35996,-1.188,1
9.76574,-4.33314,1
11.5904,-2.13018,1
8.4016,-8.03811,2
13.3633,-6.79876,1
11.5415,-3.47947,1
9.5811,-5.22052,1
10.9155,-8.08727,2
8.93584,-4.05202,1
9.50944,-2.79318,1
12.9586,-5.04333,1
8.74636,-1.56048,1
9.53266,-4.61667,1
13.1486,-5.66032,1
9.63296,-6.13913,2
9.52199,-5.47514,2
10.1915,-7.2541,2
8.89264,-2.08934,1
11.3603,-6.75397,2
7.8215,-6.53354,2
7.34215,3.83687,1
5.32988,6.6308,1
4.29598,3.4341,1
4.36154,4.40148,1
7.63483,1.22484,1
4.66733,5.16883,1
4.40864,4.23358,1
6.82273,0.757798,1
6.00361,3.48558,1
5.70297,6.14345,1
6.16558,-0.199211,1
5.52014,5.23859,1
5.42216,4.79278,1
5.63392,3.46993,1
5.56545,0.0477641,1
3.53389,6.43651,1
8.01286,2.40441,1
5.55878,4.09247,1
6.48711,7.51977,1
8.08204,-0.613551,1
2.15839,3.99616,1
5.46554,5.08879,1
6.25681,5.49015,1
7.11368,4.41894,1
7.38101,5.73462,1
3.22039,2.11759,1
5.66555,2.69646,1
5.16326,6.20736,1
5.68076,1.93703,1
5.79814,2.9471,1
2.53632,4.20441,1
2.38896,3.31483,1
3.06053,3.87019,1
6.55494,2.28846,1
6.04669,1.00746,1
4.28265,2.71357,1
8.43939,3.30869,1
6.64098,5.47491,1
5.05854,6.66728,1
5.71193,7.94393,1
2.86768,5.48584,1
2.46662,2.72436,1
5.1728,4.98966,1
8.79093,6.54311,1
7.25756,5.51927,1
9.53049,2.65912,1
4.93571,4.52909,1
6.21236,2.32543,1
4.29448,3.48097,1
4.66556,5.41125,1
3.05304,5.12019,1
5.03454,4.5427,1
5.3864,3.62285,1
4.25855,3.15762,1
3.21072,4.30923,1
3.71043,5.7552,1
2.39138,2.41613,1
9.76014,1.07526,1
7.46168,4.62223,1
6.64259,5.24611,1
5.63484,3.36981,1
5.6086,5.20313,1
5.22132,6.63242,1
6.90847,-0.367478,1
3.36692,2.31147,1
2.45123,4.26854,1
2.76896,2.91534,1
4.29594,5.00086,1
1.98965,0.0577143,1
5.95319,6.43416,1
5.92449,2.32951,1
8.05362,4.96057,1
4.70246,-1.00476,1
6.36939,2.71005,1
3.57269,4.03289,1
3.92695,1.99239,1
4.87093,6.79729,1
2.70847,3.04734,1
4.46854,3.36981,1
3.3769,3.77696,1
4.36347,6.32794,1
5.27417,2.33186,1
3.94314,2.82035,1
4.20796,2.72747,1
3.06304,2.04014,1
1.39984,6.4709,1
8.65015,4.04245,1
6.36587,7.12928,1
2.36289,4.85589,1
9.0882,3.8987,1
6.04445,4.4029,1
8.4528,2.16316,1
3.0983,6.90905,1
3.83713,4.71704,1
6.22777,3.0638,1
4.88134,2.49988,1
3.51044,2.67918,1
3.26264,1.75347,1
4.19813,2.38031,1
1.90811,4.26545,1
7.6335,11.5636,1
9.55239,10.8988,1
8.82431,10.13,1
9.53609,11.0257,1
6.92828,9.11078,1
8.12363,6.08658,1
9.58882,6.65406,1
5.39121,7.85898,1
7.79672,9.86911,1
6.16894,13.239,1
7.82181,14.3882,1
9.15053,8.64301,1
9.33673,11.2226,1
6.18199,8.07805,1
8.15409,9.90375,1
6.54971,7.26341,1
7.51338,5.44773,1
7.51511,7.00795,1
8.82035,7.88339,1
12.2916,9.45033,1
6.72627,8.07472,1
13.1446,9.26216,1
10.8947,5.83574,1
9.84275,6.97065,1
6.23013,10.4285,1
5.49718,8.85289,1
4.49645,10.859,1
8.83606,9.67821,1
8.82836,5.8477,1
10.753,12.2706,1
9.52897,8.72246,1
9.33271,11.0396,1
8.6831,9.95759,1
9.24189,9.17767,1
11.153,5.22184,1
4.90509,10.2647,1
7.8787,9.5271,1
6.15975,12.7658,1
7.87321,8.34243,1
3.8973,10.5603,1
5.81707,10.6926,1
8.53069,9.75935,1
7.5315,9.76666,1
7.38964,8.02416,1
9.80662,8.80213,1
6.85378,11.8425,1
8.92915,9.65792,1
12.4702,7.59085,1
8.46372,12.7938,1
8.096,9.5046,1
7.71607,11.2661,1
10.7096,7.94559,1
9.27777,10.0806,1
9.43891,10.3292,1
8.6117,9.78875,1
8.55079,6.77346,1
5.88591,7.79529,1
6.88355,10.4314,1
10.1595,12.3298,1
8.37772,7.51317,1
8.62678,6.08511,1
7.86328,10.9802,1
9.81885,6.93414,1
5.19712,4.80138,1
8.32687,13.3961,1
8.66654,4.61027,1
7.69336,7.33503,1
9.79505,10.617,1
9.56953,6.38934,1
9.74486,10.0985,1
10.0514,13.6198,1
9.51315,10.7732,1
8.53097,9.8154,1
11.5011,11.4006,1
9.90903,7.52402,1
7.35004,7.36739,1
11.1515,9.21855,1
9.82957,8.17443,1
8.10995,15.9319,1
8.18334,7.94658,1
11.744,6.19069,1
10.2392,7.76892,1
14.3541,11.0925,1
9.60295,14.577,1
11.0618,8.8641,1
11.568,8.85517,1
11.0267,7.50175,1
12.4435,10.148,1
7.43665,11.0999,1
6.43254,8.39317,1
9.19674,7.23604,1
11.7944,11.4183,1
5.47145,7.83539,1
10.4489,8.12086,1
7.14811,10.5092,1
12.6388,7.00461,1
5.44141,6.08442,1
11.3551,10.8406,1
10.7955,6.79565,1
11.2869,9.37972,1
